#Distance(A) Planar-Average-Potential(eV)/Densitiy(e/A)
  0.0000             2.93775
  0.1017             2.93784
  0.2034             2.93724
  0.3051             2.93761
  0.4068             2.93660
  0.5085             2.93806
  0.6102             2.93868
  0.7120             2.94060
  0.8137             2.94156
  0.9154             2.94351
  1.0171             2.94395
  1.1188             2.94441
  1.2205             2.94315
  1.3222             2.94198
  1.4239             2.94120
  1.5256             2.93971
  1.6273             2.93806
  1.7290             2.93808
  1.8307             2.93875
  1.9324             2.93818
  2.0341             2.93766
  2.1359             2.93800
  2.2376             2.93993
  2.3393             2.94078
  2.4410             2.94223
  2.5427             2.94277
  2.6444             2.94347
  2.7461             2.94226
  2.8478             2.94140
  2.9495             2.93923
  3.0512             2.93822
  3.1529             2.93600
  3.2546             2.93542
  3.3563             2.93448
  3.4580             2.93491
  3.5598             2.93406
  3.6615             2.93467
  3.7632             2.93463
  3.8649             2.93677
  3.9666             2.93646
  4.0683             2.93723
  4.1700             2.93629
  4.2717             2.93728
  4.3734             2.93622
  4.4751             2.93600
  4.5768             2.93517
  4.6785             2.93634
  4.7802             2.93522
  4.8820             2.93472
  4.9837             2.93405
  5.0854             2.93544
  5.1871             2.93385
  5.2888             2.93382
  5.3905             2.93322
  5.4922             2.93531
  5.5939             2.93484
  5.6956             2.93473
  5.7973             2.93377
  5.8990             2.93506
  6.0007             2.93423
  6.1024             2.93345
  6.2041             2.93284
  6.3059             2.93382
  6.4076             2.93318
  6.5093             2.93253
  6.6110             2.93266
  6.7127             2.93472
  6.8144             2.93571
  6.9161             2.93553
  7.0178             2.93526
  7.1195             2.93615
  7.2212             2.93587
  7.3229             2.93345
  7.4246             2.93207
  7.5263             2.93215
  7.6280             2.93269
  7.7298             2.93104
  7.8315             2.93173
  7.9332             2.93281
  8.0349             2.93482
  8.1366             2.93329
  8.2383             2.93488
  8.3400             2.93613
  8.4417             2.93778
  8.5434             2.93569
  8.6451             2.93613
  8.7468             2.93590
  8.8485             2.93634
  8.9502             2.93180
  9.0520             2.93088
  9.1537             2.93021
  9.2554             2.93090
  9.3571             2.92684
  9.4588             2.92699
  9.5605             2.92534
  9.6622             2.92550
  9.7639             2.92058
  9.8656             2.92097
  9.9673             2.91906
 10.0690             2.91873
 10.1707             2.91169
 10.2724             2.90943
 10.3741             2.90554
 10.4759             2.90403
 10.5776             2.89532
 10.6793             2.89109
 10.7810             2.88300
 10.8827             2.87602
 10.9844             2.86375
 11.0861             2.85582
 11.1878             2.84315
 11.2895             2.83311
 11.3912             2.81403
 11.4929             2.79921
 11.5946             2.78214
 11.6963             2.76397
 11.7980             2.73736
 11.8998             2.71088
 12.0015             2.68747
 12.1032             2.65116
 12.2049             2.61821
 12.3066             2.57581
 12.4083             2.54356
 12.5100             2.48584
 12.6117             2.44080
 12.7134             2.40531
 12.8151             2.33471
 12.9168             2.27186
 13.0185             2.19503
 13.1202             2.13443
 13.2219             2.06436
 13.3237             1.97195
 13.4254             1.90514
 13.5271             1.80246
 13.6288             1.70384
 13.7305             1.61407
 13.8322             1.50330
 13.9339             1.39186
 14.0356             1.27008
 14.1373             1.14527
 14.2390             1.01126
 14.3407             0.86980
 14.4424             0.70811
 14.5441             0.53244
 14.6459             0.33779
 14.7476             0.12172
 14.8493            -0.12962
 14.9510            -0.41422
 15.0527            -0.74247
 15.1544            -1.12163
 15.2561            -1.56886
 15.3578            -2.07553
 15.4595            -2.67859
 15.5612            -3.48248
 15.6629            -4.49020
 15.7646            -5.63892
 15.8663            -6.82071
 15.9680            -7.95787
 16.0698            -8.98509
 16.1715            -9.88644
 16.2732           -10.66528
 16.3749           -11.33683
 16.4766           -11.89611
 16.5783           -12.31864
 16.6800           -12.55668
 16.7817           -12.55387
 16.8834           -12.28500
 16.9851           -11.77420
 17.0868           -11.09953
 17.1885           -10.36753
 17.2902            -9.69182
 17.3919            -9.12280
 17.4937            -8.61219
 17.5954            -8.11308
 17.6971            -7.66134
 17.7988            -7.29957
 17.9005            -7.05704
 18.0022            -6.96265
 18.1039            -7.12832
 18.2056            -7.58145
 18.3073            -8.29411
 18.4090            -9.21445
 18.5107           -10.46592
 18.6124           -12.10250
 18.7141           -13.99175
 18.8159           -15.89330
 18.9176           -17.57345
 19.0193           -18.87451
 19.1210           -19.74111
 19.2227           -20.19550
 19.3244           -20.31003
 19.4261           -20.14314
 19.5278           -19.70904
 19.6295           -18.95443
 19.7312           -17.80852
 19.8329           -16.23835
 19.9346           -14.28337
 20.0363           -12.08400
 20.1380            -9.85923
 20.2398            -7.88085
 20.3415            -6.32082
 20.4432            -5.15767
 20.5449            -4.23285
 20.6466            -3.57507
 20.7483            -3.18174
 20.8500            -2.91507
 20.9517            -2.79544
 21.0534            -2.88199
 21.1551            -3.14604
 21.2568            -3.57647
 21.3585            -4.16601
 21.4602            -5.01358
 21.5619            -6.13321
 21.6637            -7.45119
 21.7654            -8.81227
 21.8671           -10.10744
 21.9688           -11.22698
 22.0705           -12.13560
 22.1722           -12.82970
 22.2739           -13.31515
 22.3756           -13.60537
 22.4773           -13.69126
 22.5790           -13.54890
 22.6807           -13.14282
 22.7824           -12.44929
 22.8841           -11.49556
 22.9859           -10.37335
 23.0876            -9.18608
 23.1893            -8.08744
 23.2910            -7.15090
 23.3927            -6.38160
 23.4944            -5.71324
 23.5961            -5.19238
 23.6978            -4.85437
 23.7995            -4.73476
 23.9012            -4.81799
 24.0029            -5.16936
 24.1046            -5.85142
 24.2063            -6.78243
 24.3080            -7.97229
 24.4098            -9.55797
 24.5115           -11.50062
 24.6132           -13.60775
 24.7149           -15.62230
 24.8166           -17.34186
 24.9183           -18.64400
 25.0200           -19.52262
 25.1217           -20.01260
 25.2234           -20.18327
 25.3251           -20.07987
 25.4268           -19.67818
 25.5285           -18.91042
 25.6302           -17.72044
 25.7319           -16.08683
 25.8337           -14.09927
 25.9354           -11.94097
 26.0371            -9.85599
 26.1388            -8.06342
 26.2405            -6.67044
 26.3422            -5.56702
 26.4439            -4.66206
 26.5456            -4.02964
 26.6473            -3.69534
 26.7490            -3.55653
 26.8507            -3.57384
 26.9524            -3.79960
 27.0541            -4.22709
 27.1559            -4.84046
 27.2576            -5.60858
 27.3593            -6.60181
 27.4610            -7.80843
 27.5627            -9.14412
 27.6644           -10.45390
 27.7661           -11.63182
 27.8678           -12.57107
 27.9695           -13.25195
 28.0712           -13.68387
 28.1729           -13.87747
 28.2746           -13.86143
 28.3763           -13.62661
 28.4780           -13.16304
 28.5798           -12.44790
 28.6815           -11.47109
 28.7832           -10.27168
 28.8849            -8.95328
 28.9866            -7.63282
 29.0883            -6.46142
 29.1900            -5.51542
 29.2917            -4.78879
 29.3934            -4.22072
 29.4951            -3.85034
 29.5968            -3.68885
 29.6985            -3.73205
 29.8002            -3.94735
 29.9019            -4.41078
 30.0037            -5.18634
 30.1054            -6.19082
 30.2071            -7.43023
 30.3088            -9.04714
 30.4105           -11.02191
 30.5122           -13.16715
 30.6139           -15.23199
 30.7156           -17.01006
 30.8173           -18.37037
 30.9190           -19.28950
 31.0207           -19.81419
 31.1224           -20.01732
 31.2241           -19.94330
 31.3258           -19.57632
 31.4276           -18.84490
 31.5293           -17.69181
 31.6310           -16.09535
 31.7327           -14.14056
 31.8344           -12.00150
 31.9361            -9.92027
 32.0378            -8.12276
 32.1395            -6.72351
 32.2412            -5.62606
 32.3429            -4.73309
 32.4446            -4.12393
 32.5463            -3.80976
 32.6480            -3.68878
 32.7498            -3.75109
 32.8515            -4.02768
 32.9532            -4.50854
 33.0549            -5.16342
 33.1566            -5.99790
 33.2583            -7.07439
 33.3600            -8.33839
 33.4617            -9.68032
 33.5634           -10.94337
 33.6651           -12.03577
 33.7668           -12.87072
 33.8685           -13.44599
 33.9702           -13.78655
 34.0719           -13.89882
 34.1737           -13.80548
 34.2754           -13.48507
 34.3771           -12.92090
 34.4788           -12.09850
 34.5805           -11.02583
 34.6822            -9.75913
 34.7839            -8.42138
 34.8856            -7.13723
 34.9873            -6.04079
 35.0890            -5.17525
 35.1907            -4.49584
 35.2924            -3.97553
 35.3941            -3.65792
 35.4958            -3.54636
 35.5976            -3.61993
 35.6993            -3.84916
 35.8010            -4.33891
 35.9027            -5.12943
 36.0044            -6.14464
 36.1061            -7.38137
 36.2078            -8.99261
 36.3095           -10.96423
 36.4112           -13.12129
 36.5129           -15.21497
 36.6146           -17.02919
 36.7163           -18.42333
 36.8180           -19.38201
 36.9198           -19.94060
 37.0215           -20.17520
 37.1232           -20.13269
 37.2249           -19.79666
 37.3266           -19.10326
 37.4283           -18.00050
 37.5300           -16.46257
 37.6317           -14.56382
 37.7334           -12.46787
 37.8351           -10.42023
 37.9368            -8.65288
 38.0385            -7.29238
 38.1402            -6.25788
 38.2419            -5.44928
 38.3437            -4.94376
 38.4454            -4.75153
 38.5471            -4.77802
 38.6488            -5.01603
 38.7505            -5.45809
 38.8522            -6.06541
 38.9539            -6.78735
 39.0556            -7.63803
 39.1573            -8.67008
 39.2590            -9.82982
 39.3607           -11.00181
 39.4624           -12.04269
 39.5641           -12.86406
 39.6658           -13.40185
 39.7676           -13.66037
 39.8693           -13.67693
 39.9710           -13.47531
 40.0727           -13.08320
 40.1744           -12.48464
 40.2761           -11.67489
 40.3778           -10.64978
 40.4795            -9.42757
 40.5812            -8.08167
 40.6829            -6.72663
 40.7846            -5.50021
 40.8863            -4.52312
 40.9880            -3.82575
 41.0898            -3.32987
 41.1915            -2.98441
 41.2932            -2.81582
 41.3949            -2.83838
 41.4966            -3.05105
 41.5983            -3.37484
 41.7000            -3.89485
 41.8017            -4.71098
 41.9034            -5.75175
 42.0051            -7.11120
 42.1068            -8.90980
 42.2085           -11.05209
 42.3102           -13.29649
 42.4119           -15.38497
 42.5137           -17.14347
 42.6154           -18.48358
 42.7171           -19.40983
 42.8188           -19.98272
 42.9205           -20.26827
 43.0222           -20.28940
 43.1239           -19.99989
 43.2256           -19.32941
 43.3273           -18.22656
 43.4290           -16.70656
 43.5307           -14.88186
 43.6324           -12.95411
 43.7341           -11.17719
 43.8358            -9.74168
 43.9376            -8.68977
 44.0393            -7.88423
 44.1410            -7.30332
 44.2427            -7.00507
 44.3444            -6.99079
 44.4461            -7.17670
 44.5478            -7.48267
 44.6495            -7.90062
 44.7512            -8.38144
 44.8529            -8.88964
 44.9546            -9.41901
 45.0563           -10.04837
 45.1580           -10.76319
 45.2598           -11.48254
 45.3615           -12.07752
 45.4632           -12.46670
 45.5649           -12.58820
 45.6666           -12.45799
 45.7683           -12.11000
 45.8700           -11.61135
 45.9717           -10.98752
 46.0734           -10.26099
 46.1751            -9.41516
 46.2768            -8.44803
 46.3785            -7.35339
 46.4802            -6.18537
 46.5819            -5.00724
 46.6837            -3.92419
 46.7854            -3.02174
 46.8871            -2.33420
 46.9888            -1.79736
 47.0905            -1.31798
 47.1922            -0.91275
 47.2939            -0.55871
 47.3956            -0.25860
 47.4973             0.01061
 47.5990             0.24006
 47.7007             0.44474
 47.8024             0.62765
 47.9041             0.79657
 48.0058             0.94788
 48.1076             1.08325
 48.2093             1.21330
 48.3110             1.33576
 48.4127             1.45346
 48.5144             1.55145
 48.6161             1.65809
 48.7178             1.75511
 48.8195             1.85081
 48.9212             1.93668
 49.0229             2.02455
 49.1246             2.09167
 49.2263             2.17418
 49.3280             2.23754
 49.4297             2.30571
 49.5315             2.35825
 49.6332             2.41972
 49.7349             2.47078
 49.8366             2.51419
 49.9383             2.56050
 50.0400             2.59340
 50.1417             2.63167
 50.2434             2.66593
 50.3451             2.69069
 50.4468             2.71852
 50.5485             2.74531
 50.6502             2.77063
 50.7519             2.78478
 50.8537             2.80484
 50.9554             2.82261
 51.0571             2.83888
 51.1588             2.84729
 51.2605             2.85976
 51.3622             2.87062
 51.4639             2.88147
 51.5656             2.88484
 51.6673             2.89518
 51.7690             2.90123
 51.8707             2.90676
 51.9724             2.90662
 52.0741             2.91397
 52.1758             2.91767
 52.2776             2.92251
 52.3793             2.92027
 52.4810             2.92459
 52.5827             2.92614
 52.6844             2.92980
 52.7861             2.92756
 52.8878             2.93155
 52.9895             2.93238
 53.0912             2.93437
 53.1929             2.93132
 53.2946             2.93536
 53.3963             2.93759
 53.4980             2.94113
 53.5997             2.93793
 53.7015             2.94097
 53.8032             2.93999
 53.9049             2.94235
 54.0066             2.93784
 54.1083             2.93965
 54.2100             2.93773
 54.3117             2.93916
 54.4134             2.93544
 54.5151             2.93742
 54.6168             2.93588
 54.7185             2.93742
 54.8202             2.93572
 54.9219             2.93847
 55.0237             2.93760
 55.1254             2.93992
 55.2271             2.93904
 55.3288             2.94016
 55.4305             2.93881
 55.5322             2.93920
 55.6339             2.93717
 55.7356             2.93720
 55.8373             2.93739
 55.9390             2.93857
 56.0407             2.93801
 56.1424             2.93802
 56.2441             2.93851
 56.3458             2.93968
 56.4476             2.93912
 56.5493             2.93913
 56.6510             2.93875
 56.7527             2.93963
 56.8544             2.93846
 56.9561             2.93872
 57.0578             2.93840
 57.1595             2.93896
 57.2612             2.93861
 57.3629             2.93894
 57.4646             2.93885
 57.5663             2.93973
 57.6680             2.93994
 57.7697             2.93974
 57.8715             2.94005
 57.9732             2.94031
 58.0749             2.94120
 58.1766             2.94079
 58.2783             2.94113
 58.3800             2.94001
 58.4817             2.93971
