#Distance(A) Planar-Average-Potential(eV)/Densitiy(e/A)
  0.0000             2.13419
  0.0986             2.14072
  0.1973             2.13862
  0.2959             2.13907
  0.3945             2.13428
  0.4932             2.14104
  0.5918             2.13860
  0.6904             2.13944
  0.7890             2.13394
  0.8877             2.13991
  0.9863             2.13771
  1.0849             2.13866
  1.1836             2.13309
  1.2822             2.13893
  1.3808             2.13635
  1.4795             2.13780
  1.5781             2.13242
  1.6767             2.13833
  1.7753             2.13657
  1.8740             2.13963
  1.9726             2.13484
  2.0712             2.14010
  2.1699             2.13817
  2.2685             2.14073
  2.3671             2.13557
  2.4658             2.14060
  2.5644             2.13907
  2.6630             2.14212
  2.7616             2.13572
  2.8603             2.13939
  2.9589             2.13724
  3.0575             2.14081
  3.1562             2.13327
  3.2548             2.13675
  3.3534             2.13550
  3.4521             2.13904
  3.5507             2.13146
  3.6493             2.13465
  3.7480             2.13271
  3.8466             2.13684
  3.9452             2.13078
  4.0438             2.13495
  4.1425             2.13284
  4.2411             2.13576
  4.3397             2.12952
  4.4384             2.13398
  4.5370             2.13245
  4.6356             2.13431
  4.7343             2.12802
  4.8329             2.13193
  4.9315             2.13014
  5.0301             2.13190
  5.1288             2.12607
  5.2274             2.12996
  5.3260             2.12749
  5.4247             2.12773
  5.5233             2.12029
  5.6219             2.12340
  5.7206             2.12070
  5.8192             2.12021
  5.9178             2.11155
  6.0164             2.11193
  6.1151             2.10652
  6.2137             2.10457
  6.3123             2.09437
  6.4110             2.09327
  6.5096             2.08432
  6.6082             2.07858
  6.7069             2.06400
  6.8055             2.06033
  6.9041             2.04847
  7.0028             2.03974
  7.1014             2.01949
  7.2000             2.00971
  7.2986             1.98943
  7.3973             1.97634
  7.4959             1.94917
  7.5945             1.93244
  7.6932             1.90516
  7.7918             1.87883
  7.8904             1.84171
  7.9891             1.81049
  8.0877             1.77754
  8.1863             1.73807
  8.2849             1.68431
  8.3836             1.64901
  8.4822             1.58800
  8.5808             1.53065
  8.6795             1.46524
  8.7781             1.39178
  8.8767             1.32221
  8.9754             1.23395
  9.0740             1.16121
  9.1726             1.06674
  9.2712             0.97128
  9.3699             0.86545
  9.4685             0.77037
  9.5671             0.64921
  9.6658             0.54214
  9.7644             0.41399
  9.8630             0.28765
  9.9617             0.14787
 10.0603            -0.00441
 10.1589            -0.16961
 10.2576            -0.35142
 10.3562            -0.56737
 10.4548            -0.80559
 10.5534            -1.10066
 10.6521            -1.41788
 10.7507            -1.82086
 10.8493            -2.25626
 10.9480            -2.74832
 11.0466            -3.26613
 11.1452            -3.81041
 11.2439            -4.36680
 11.3425            -4.92373
 11.4411            -5.48264
 11.5397            -6.02676
 11.6384            -6.57554
 11.7370            -7.09746
 11.8356            -7.63517
 11.9343            -8.30814
 12.0329            -9.13504
 12.1315           -10.03185
 12.2302           -10.85112
 12.3288           -11.49345
 12.4274           -11.86881
 12.5260           -11.99321
 12.6247           -11.89552
 12.7233           -11.63903
 12.8219           -11.28789
 12.9206           -10.85264
 13.0192           -10.32313
 13.1178            -9.65611
 13.2165            -8.82568
 13.3151            -7.83493
 13.4137            -6.78413
 13.5124            -5.86634
 13.6110            -5.12928
 13.7096            -4.71276
 13.8082            -4.70149
 13.9069            -4.90045
 14.0055            -5.25016
 14.1041            -5.74063
 14.2028            -6.35250
 14.3014            -7.05163
 14.4000            -7.86055
 14.4987            -8.80925
 14.5973            -9.85564
 14.6959           -10.92077
 14.7945           -11.94033
 14.8932           -12.85673
 14.9918           -13.50113
 15.0904           -13.92708
 15.1891           -14.22003
 15.2877           -14.32247
 15.3863           -14.25179
 15.4850           -14.00542
 15.5836           -13.58321
 15.6822           -12.98200
 15.7808           -12.22399
 15.8795           -11.35982
 15.9781           -10.47567
 16.0767            -9.65937
 16.1754            -9.06941
 16.2740            -8.88268
 16.3726            -9.05937
 16.4713            -9.43774
 16.5699            -9.83845
 16.6685           -10.17534
 16.7672           -10.37280
 16.8658           -10.44323
 16.9644           -10.37353
 17.0630           -10.22715
 17.1617           -10.00677
 17.2603            -9.91181
 17.3589            -9.64543
 17.4576            -9.12066
 17.5562            -8.61050
 17.6548            -7.94189
 17.7535            -7.23376
 17.8521            -6.61579
 17.9507            -6.30259
 18.0493            -6.36251
 18.1480            -6.79191
 18.2466            -7.41424
 18.3452            -8.26169
 18.4439            -9.30101
 18.5425           -10.46927
 18.6411           -11.63075
 18.7398           -12.70310
 18.8384           -13.58226
 18.9370           -14.25066
 19.0356           -14.70150
 19.1343           -15.02083
 19.2329           -15.07904
 19.3315           -14.89179
 19.4302           -14.56665
 19.5288           -14.04807
 19.6274           -13.29717
 19.7261           -12.33994
 19.8247           -11.23421
 19.9233           -10.07436
 20.0220            -8.97020
 20.1206            -8.03186
 20.2192            -7.30664
 20.3178            -6.79160
 20.4165            -6.59722
 20.5151            -6.79986
 20.6137            -7.31274
 20.7124            -7.97515
 20.8110            -8.61485
 20.9096            -9.10941
 21.0083            -9.40919
 21.1069            -9.53802
 21.2055            -9.67326
 21.3041            -9.74579
 21.4028            -9.60823
 21.5014            -9.49243
 21.6000            -9.30918
 21.6987            -8.92102
 21.7973            -8.35657
 21.8959            -7.68752
 21.9946            -7.06699
 22.0932            -6.66858
 22.1918            -6.63156
 22.2904            -6.98030
 22.3891            -7.58975
 22.4877            -8.40421
 22.5863            -9.42448
 22.6850           -10.56635
 22.7836           -11.71597
 22.8822           -12.76892
 22.9809           -13.64284
 23.0795           -14.29764
 23.1781           -14.72191
 23.2768           -14.99258
 23.3754           -15.09234
 23.4740           -14.90724
 23.5726           -14.52929
 23.6713           -13.99704
 23.7699           -13.23494
 23.8685           -12.26778
 23.9672           -11.14512
 24.0658            -9.96730
 24.1644            -8.84072
 24.2631            -7.87462
 24.3617            -7.12862
 24.4603            -6.57818
 24.5589            -6.28738
 24.6576            -6.39230
 24.7562            -6.85285
 24.8548            -7.53077
 24.9535            -8.24421
 25.0521            -8.83389
 25.1507            -9.35076
 25.2494            -9.80159
 25.3480            -9.94558
 25.4466           -10.09317
 25.5452           -10.30226
 25.6439           -10.41479
 25.7425           -10.43035
 25.8411           -10.30572
 25.9398           -10.04566
 26.0384            -9.67229
 26.1370            -9.26481
 26.2357            -8.94896
 26.3343            -8.90913
 26.4329            -9.27712
 26.5316            -9.98892
 26.6302           -10.84746
 26.7288           -11.73278
 26.8274           -12.56235
 26.9261           -13.25651
 27.0247           -13.78385
 27.1233           -14.12999
 27.2220           -14.30266
 27.3206           -14.30073
 27.4192           -14.11690
 27.5179           -13.76054
 27.6165           -13.26492
 27.7151           -12.49172
 27.8137           -11.51335
 27.9124           -10.47267
 28.0110            -9.40392
 28.1096            -8.39069
 28.2083            -7.50057
 28.3069            -6.74407
 28.4055            -6.08075
 28.5042            -5.51557
 28.6028            -5.08356
 28.7014            -4.79753
 28.8000            -4.66857
 28.8987            -4.83590
 28.9973            -5.41480
 29.0959            -6.23491
 29.1946            -7.22123
 29.2932            -8.27349
 29.3918            -9.19686
 29.4905            -9.95914
 29.5891           -10.56044
 29.6877           -11.04852
 29.7863           -11.44558
 29.8850           -11.76221
 29.9836           -11.96213
 30.0822           -11.96584
 30.1809           -11.74798
 30.2795           -11.24396
 30.3781           -10.52634
 30.4768            -9.64888
 30.5754            -8.77083
 30.6740            -8.00141
 30.7727            -7.39779
 30.8713            -6.88219
 30.9699            -6.34044
 31.0685            -5.79911
 31.1672            -5.24528
 31.2658            -4.69027
 31.3644            -4.12878
 31.4631            -3.57775
 31.5617            -3.04455
 31.6603            -2.53406
 31.7590            -2.06838
 31.8576            -1.63852
 31.9562            -1.28597
 32.0548            -0.96371
 32.1535            -0.70928
 32.2521            -0.46125
 32.3507            -0.27993
 32.4494            -0.09451
 32.5480             0.05921
 32.6466             0.20716
 32.7453             0.34607
 32.8439             0.46652
 32.9425             0.58736
 33.0411             0.69994
 33.1398             0.81054
 33.2384             0.90633
 33.3370             1.02196
 33.4357             1.10134
 33.5343             1.20265
 33.6329             1.27733
 33.7316             1.35022
 33.8302             1.42379
 33.9288             1.49299
 34.0275             1.54849
 34.1261             1.61536
 34.2247             1.66044
 34.3233             1.70716
 34.4220             1.74961
 34.5206             1.79109
 34.6192             1.82166
 34.7179             1.85642
 34.8165             1.89091
 34.9151             1.91465
 35.0138             1.93665
 35.1124             1.95904
 35.2110             1.98464
 35.3096             2.00013
 35.4083             2.01065
 35.5069             2.02887
 35.6055             2.04898
 35.7042             2.05682
 35.8028             2.05968
 35.9014             2.07133
 36.0001             2.08625
 36.0987             2.09095
 36.1973             2.09269
 36.2959             2.10037
 36.3946             2.10998
 36.4932             2.11107
 36.5918             2.11113
 36.6905             2.11744
 36.7891             2.12570
 36.8877             2.12459
 36.9864             2.12174
 37.0850             2.12496
 37.1836             2.13231
 37.2823             2.13152
 37.3809             2.12883
 37.4795             2.13056
 37.5781             2.13580
 37.6768             2.13358
 37.7754             2.13033
 37.8740             2.13203
 37.9727             2.13800
 38.0713             2.13559
 38.1699             2.13229
 38.2686             2.13259
 38.3672             2.13824
 38.4658             2.13620
 38.5644             2.13342
 38.6631             2.13255
 38.7617             2.13764
 38.8603             2.13589
 38.9590             2.13378
 39.0576             2.13351
 39.1562             2.13938
 39.2549             2.13795
 39.3535             2.13618
 39.4521             2.13482
 39.5507             2.14079
 39.6494             2.13972
 39.7480             2.13803
 39.8466             2.13596
 39.9453             2.14140
 40.0439             2.13984
 40.1425             2.13826
 40.2412             2.13539
 40.3398             2.14095
 40.4384             2.13918
 40.5371             2.13791
 40.6357             2.13448
 40.7343             2.14031
 40.8329             2.13821
 40.9316             2.13743
 41.0302             2.13361
 41.1288             2.13986
 41.2275             2.13829
 41.3261             2.13835
